2.1700491e+00 8.1581888e-01
2.4461228e+00 9.2055996e-01
2.7344473e+00 1.0041340e+00
3.0805963e+00 1.1021472e+00
3.4616110e+00 1.2059612e+00
3.8897504e+00 1.2952206e+00
4.3708431e+00 1.3910532e+00
4.9113400e+00 1.4755650e+00
5.5187850e+00 1.5749647e+00
6.1852395e+00 1.7020360e+00
6.9683577e+00 1.8166918e+00
7.8098641e+00 1.9940184e+00
8.7078922e+00 2.1750997e+00
9.7342915e+00 2.4322623e+00
1.0909815e+01 2.7367781e+00
1.2259164e+01 3.1666799e+00
1.3811031e+01 3.7329492e+00
1.5519208e+01 4.4831507e+00
1.7393325e+01 5.5368201e+00
1.9595115e+01 7.0974798e+00
2.1961883e+01 9.2117841e+00
2.4614023e+01 1.2332823e+01
2.7874045e+01 1.6821898e+01
3.0918427e+01 2.2382379e+01
3.4832337e+01 3.0624041e+01
3.9038727e+01 4.1640970e+01
4.3867121e+01 5.6096724e+01
4.9164562e+01 7.3946337e+01
5.5532577e+01 9.3911494e+01
6.2562349e+01 1.1743341e+02
6.9936573e+01 1.4457865e+02
7.8383759e+01 1.7256723e+02
8.7849467e+01 1.9966985e+02
9.8714877e+01 2.2960385e+02
1.1121102e+02 2.5595680e+02
1.2528903e+02 2.8356057e+02
1.4078504e+02 3.0549211e+02
1.5860678e+02 3.2405191e+02
1.7776030e+02 3.4803667e+02
2.0446016e+02 3.6575267e+02
2.3517037e+02 3.8319221e+02
2.6562538e+02 3.9773495e+02
3.0315837e+02 4.0647258e+02