1.5340000e+01 5.9329120e+00
2.1600000e+01 1.8656456e+01
2.4480000e+01 2.6258784e+01
2.8500000e+01 3.8672712e+01
3.3000000e+01 5.4392000e+01
4.3830000e+01 8.9161040e+01
4.9000000e+01 1.0518576e+02
5.3740000e+01 1.1836536e+02
5.8850000e+01 1.3062448e+02
6.3780000e+01 1.3974560e+02
6.7940000e+01 1.4765336e+02
7.3020000e+01 1.5631424e+02
7.8130000e+01 1.6409648e+02
8.3280000e+01 1.7024696e+02
8.8500000e+01 1.7581168e+02
9.3630000e+01 1.8095800e+02
9.8880000e+01 1.8631352e+02
1.0406000e+02 1.9062304e+02
1.0909000e+02 1.9459784e+02
1.1424000e+02 1.9735928e+02
1.1953000e+02 2.0070648e+02
1.2495000e+02 2.0204536e+02
1.3053000e+02 2.0480680e+02
1.3627000e+02 2.0761008e+02
1.4177000e+02 2.0978576e+02
1.4544000e+02 2.1120832e+02
1.4950000e+02 2.1355136e+02
1.5440000e+02 2.1426264e+02
1.5945000e+02 2.1581072e+02
1.6486000e+02 2.1827928e+02
1.7037000e+02 2.1869768e+02
1.7558000e+02 2.1995288e+02
1.8096000e+02 2.2288168e+02
1.8645000e+02 2.2275616e+02
1.9204000e+02 2.2405320e+02
1.9796000e+02 2.2484816e+02
2.0343000e+02 2.2572680e+02
2.0910000e+02 2.2685648e+02
2.1506000e+02 2.2815352e+02
2.2086000e+02 2.2786064e+02
2.2650000e+02 2.2865560e+02
2.3230000e+02 2.3074760e+02
2.3825000e+02 2.3058024e+02
2.4403000e+02 2.3175176e+02
2.4965000e+02 2.3229568e+02
2.5540000e+02 2.3292328e+02
2.6036000e+02 2.3371824e+02
2.6583000e+02 2.3401112e+02
2.7120000e+02 2.3497344e+02
2.7683000e+02 2.3576840e+02
2.8254000e+02 2.3639600e+02
2.8811000e+02 2.3702360e+02
2.9137000e+02 2.3405296e+02
2.9226000e+02 2.3480608e+02
2.9781000e+02 2.3647968e+02
3.2475000e+02 2.3555920e+02
3.6135000e+02 2.3723280e+02
3.8185000e+02 2.3806960e+02
4.2515000e+02 2.3974320e+02
4.6795000e+02 2.4183520e+02
5.2215000e+02 2.4392720e+02
5.7225000e+02 2.4643760e+02
6.2685000e+02 2.4936640e+02
6.7265000e+02 2.5104000e+02
7.2245000e+02 2.5396880e+02
7.7425000e+02 2.5647920e+02
8.2265000e+02 2.5982640e+02
8.4305000e+02 2.6150000e+02
8.7295000e+02 2.6233680e+02
8.9645000e+02 2.6401040e+02
9.2535000e+02 2.6568400e+02