10 10
25 30
38 60
50 90
62 115
7.7428150e+01 1.5665214e+02
7.9513491e+01 1.6344447e+02
8.1393235e+01 1.6964303e+02
8.3836136e+01 1.7525383e+02
8.6655752e+01 1.8174928e+02
8.7780789e+01 1.8663591e+02
9.1166116e+01 1.8561485e+02
9.5865476e+01 1.9060580e+02
9.7932939e+01 2.0034897e+02
1.0290558e+02 2.0459167e+02
1.1164537e+02 2.2730768e+02
1.2100833e+02 2.4610396e+02
1.3058072e+02 2.6342783e+02
1.4077629e+02 2.7977477e+02
1.5003709e+02 2.9480978e+02
1.5971165e+02 3.0870338e+02
1.6886774e+02 3.2079759e+02
1.7771096e+02 3.2994899e+02
1.8645075e+02 3.4139125e+02
1.9602186e+02 3.5185257e+02
2.0517795e+02 3.6101400e+02
2.1474907e+02 3.7130080e+02
2.2468668e+02 3.7954147e+02
2.3399729e+02 3.8797071e+02
2.4315338e+02 3.9385633e+02
2.5334895e+02 4.0202880e+02
2.6281790e+02 4.0840188e+02
2.7249245e+02 4.1493945e+02
2.8164854e+02 4.2147703e+02