3.7038927e+00 6.7666384e-01
4.5885660e+00 9.4203316e-01
5.3855503e+00 1.1522253e+00
6.1814969e+00 1.4808362e+00
7.2436238e+00 1.7462055e+00
8.0395704e+00 2.0115748e+00
9.2786320e+00 2.2689269e+00
1.0163305e+01 2.5343434e+00
1.1491613e+01 2.7836312e+00
1.2817844e+01 2.9444468e+00
1.4352662e+01 3.1213911e+00
1.4410256e+01 3.3304514e+00
1.5649837e+01 3.4591038e+00
1.6534510e+01 3.6038850e+00
1.7154041e+01 3.7486191e+00
1.8037676e+01 3.9094818e+00
1.9099803e+01 4.0542159e+00
1.9807542e+01 4.2070143e+00
2.0958915e+01 4.5126111e+00
2.2197457e+01 4.5689201e+00
2.3523689e+01 4.6573451e+00
2.4408362e+01 4.8342894e+00
2.6089501e+01 5.0996588e+00
2.7947575e+01 5.1961953e+00
2.9539987e+01 5.5178736e+00
3.1398060e+01 5.5741355e+00
3.3433068e+01 5.8314876e+00
3.5822465e+01 5.9762217e+00
3.8476485e+01 6.2898828e+00
4.1396166e+01 6.4426812e+00
4.5024105e+01 6.6276428e+00
4.8563317e+01 6.9171580e+00
5.2810268e+01 7.0297289e+00
5.7764958e+01 7.2066261e+00
6.3339178e+01 7.4237979e+00
6.9798072e+01 7.8258840e+00
7.7437395e+01 7.7534934e+00
8.5636060e+01 7.7695750e+00
9.4926427e+01 8.1958071e+00
1.0527840e+02 8.4129317e+00
1.1704637e+02 8.5978932e+00
1.3049548e+02 8.8954728e+00
1.4412153e+02 9.2090868e+00
1.5755507e+02 9.5468468e+00
1.7163824e+02 9.7881173e+00
1.8535250e+02 1.0206285e+01
1.9906675e+02 1.0624453e+01