5.0000000e+00 1.5500000e+02
1.0000000e+01 1.1700000e+03
1.5000000e+01 2.6900000e+03
2.0000000e+01 3.2500000e+03
2.5000000e+01 3.3100000e+03
3.0000000e+01 3.0900000e+03
3.5000000e+01 2.6500000e+03
4.0000000e+01 2.1600000e+03
5.0000000e+01 1.4200000e+03
6.0000000e+01 9.3000000e+02
7.0000000e+01 6.3000000e+02
8.0000000e+01 4.5000000e+02
9.0000000e+01 3.4000000e+02
1.0000000e+02 2.7000000e+02
1.5000000e+02 1.3500000e+02
2.0000000e+02 9.4000000e+01
2.5000000e+02 7.3000000e+01
2.7320000e+02 6.6500000e+01
3.0000000e+02 6.0000000e+01
3.5000000e+02 5.0700000e+01
4.0000000e+02 4.3100000e+01
4.5000000e+02 3.7000000e+01
5.0000000e+02 3.2000000e+01