   1.0000000e+00   1.0000000e-11
   1.0000000e+01   1.1500000e-11
   2.0000000e+01   4.2000000e-11
   4.0000000e+01   5.3900000e-10
   6.0000000e+01   1.6200000e-09
   8.0000000e+01   2.8900000e-09
   1.0000000e+02   4.1800000e-09
   1.5000000e+02   7.2600000e-09
   2.0000000e+02   1.0290000e-08
   2.7300000e+02   1.4670000e-08
   2.9300000e+02   1.5870000e-08
   2.9800000e+02   1.6170000e-08
   3.0000000e+02   1.6290000e-08
   4.0000000e+02   2.2410000e-08
   5.0000000e+02   2.8700000e-08
   6.0000000e+02   3.5300000e-08
   7.0000000e+02   4.2100000e-08
   8.0000000e+02   4.9100000e-08
   9.0000000e+02   5.6400000e-08
