60.0	8.196064e+041
60.1	6.827387e+041
60.2	5.690697e+041
60.3	4.746101e+041
60.4	3.960661e+041
60.5	3.307169e+041
60.6	2.763133e+041
60.7	2.309950e+041
60.8	1.932224e+041
60.9	1.617206e+041
61.0	1.354331e+041
61.1	1.134840e+041
61.2	9.514672e+040
61.3	7.981801e+040
61.4	6.699692e+040
61.5	5.626707e+040
61.6	4.728225e+040
61.7	3.975440e+040
61.8	3.344370e+040
61.9	2.815038e+040
62.0	2.370794e+040
62.1	1.997754e+040
62.2	1.684331e+040
62.3	1.420854e+040
62.4	1.199240e+040
62.5	1.012738e+040
62.6	8.556988e+039
62.7	7.233966e+039
62.8	6.118749e+039
62.9	5.178195e+039
63.0	4.384525e+039
63.1	3.714447e+039
63.2	3.148415e+039
63.3	2.670024e+039
63.4	2.265491e+039
63.5	1.923237e+039
63.6	1.633523e+039
63.7	1.388158e+039
63.8	1.180245e+039
63.9	1.003979e+039
64.0	8.544665e+038
64.1	7.275826e+038
64.2	6.198484e+038
64.3	5.283279e+038
64.4	4.505422e+038
64.5	3.843974e+038
64.6	3.281234e+038
64.7	2.802237e+038
64.8	2.394322e+038
64.9	2.046771e+038
65.0	1.750508e+038
65.1	1.497842e+038
65.2	1.282253e+038
65.3	1.098214e+038
65.4	9.410318e+037
65.5	8.067240e+037
65.6	6.919075e+037
65.7	5.937076e+037
65.8	5.096801e+037
65.9	4.377462e+037
66.0	3.761368e+037
66.1	3.233457e+037
66.2	2.780899e+037
66.3	2.392762e+037
66.4	2.059724e+037
66.5	1.773833e+037
66.6	1.528304e+037
66.7	1.317345e+037
66.8	1.136006e+037
66.9	9.800607e+036
67.0	8.458924e+036
67.1	7.304094e+036
67.2	6.309660e+036
67.3	5.452968e+036
67.4	4.714618e+036
67.5	4.077988e+036
67.6	3.528826e+036
67.7	3.054913e+036
67.8	2.645761e+036
67.9	2.292372e+036
68.0	1.987015e+036
68.1	1.723051e+036
68.2	1.494773e+036
68.3	1.297274e+036
68.4	1.126333e+036
68.5	9.783172e+035
68.6	8.500990e+035
68.7	7.389849e+035
68.8	6.426538e+035
68.9	5.591049e+035
69.0	4.866128e+035
69.1	4.236887e+035
69.2	3.690479e+035
69.3	3.215809e+035
69.4	2.803294e+035
69.5	2.444654e+035
69.6	2.132728e+035
69.7	1.861326e+035
69.8	1.625090e+035
69.9	1.419383e+035
70.0	1.240191e+035
70.1	1.084035e+035
70.2	9.479020e+034
70.3	8.291782e+034
70.4	7.255981e+034
70.5	6.351956e+034
70.6	5.562644e+034
70.7	4.873228e+034
70.8	4.270839e+034
70.9	3.744295e+034
71.0	3.283874e+034
71.1	2.881124e+034
71.2	2.528691e+034
71.3	2.220176e+034
71.4	1.950006e+034
71.5	1.713329e+034
71.6	1.505918e+034
71.7	1.324088e+034
71.8	1.164627e+034
71.9	1.024733e+034
72.0	9.019606e+033
72.1	7.941763e+033
72.2	6.995168e+033
72.3	6.163545e+033
72.4	5.432674e+033
72.5	4.790123e+033
72.6	4.225023e+033
72.7	3.727865e+033
72.8	3.290330e+033
72.9	2.905134e+033
73.0	2.565901e+033
73.1	2.267044e+033
73.2	2.003668e+033
73.3	1.771482e+033
73.4	1.566722e+033
73.5	1.386090e+033
73.6	1.226688e+033
73.7	1.085975e+033
73.8	9.617172e+032
73.9	8.519551e+032
74.0	7.549655e+032
74.1	6.692340e+032
74.2	5.934290e+032
74.3	5.263794e+032
74.4	4.670548e+032
74.5	4.145482e+032
74.6	3.680611e+032
74.7	3.268902e+032
74.8	2.904160e+032
74.9	2.580923e+032
75.0	2.294379e+032
75.1	2.040282e+032
75.2	1.814888e+032
75.3	1.614891e+032
75.4	1.437374e+032
75.5	1.279763e+032
75.6	1.139781e+032
75.7	1.015418e+032
75.8	9.048982e+031
75.9	8.066504e+031
76.0	7.192853e+031
76.1	6.415740e+031
76.2	5.724288e+031
76.3	5.108871e+031
76.4	4.560963e+031
76.5	4.073014e+031
76.6	3.638333e+031
76.7	3.250990e+031
76.8	2.905729e+031
76.9	2.597887e+031
77.0	2.323328e+031
77.1	2.078384e+031
77.2	1.859795e+031
77.3	1.664670e+031
77.4	1.490440e+031
77.5	1.334824e+031
77.6	1.195792e+031
77.7	1.071541e+031
77.8	9.604701e+030
77.9	8.611517e+030
78.0	7.723176e+030
78.1	6.928389e+030
78.2	6.217104e+030
78.3	5.580371e+030
78.4	5.010219e+030
78.5	4.499544e+030
78.6	4.042016e+030
78.7	3.631992e+030
78.8	3.264439e+030
78.9	2.934869e+030
79.0	2.639276e+030
79.1	2.374086e+030
79.2	2.136107e+030
79.3	1.922492e+030
79.4	1.730693e+030
79.5	1.558438e+030
79.6	1.403693e+030
79.7	1.264643e+030
79.8	1.139662e+030
79.9	1.027298e+030
80.0	9.262503e+029
80.1	8.353560e+029
80.2	7.535736e+029
80.3	6.799707e+029
80.4	6.137122e+029
80.5	5.540500e+029
80.6	5.003136e+029
80.7	4.519023e+029
80.8	4.082772e+029
80.9	3.689553e+029
81.0	3.335031e+029
81.1	3.015319e+029
81.2	2.726927e+029
81.3	2.466722e+029
81.4	2.231890e+029
81.5	2.019906e+029
81.6	1.828499e+029
81.7	1.655629e+029
81.8	1.499464e+029
81.9	1.358354e+029
82.0	1.230817e+029
82.1	1.115521e+029
82.2	1.011264e+029
82.3	9.169682e+028
82.4	8.316605e+028
82.5	7.544662e+028
82.6	6.845969e+028
82.7	6.213427e+028
82.8	5.640638e+028
82.9	5.121835e+028
83.0	4.651822e+028
83.1	4.225909e+028
83.2	3.839870e+028
83.3	3.489891e+028
83.4	3.172531e+028
83.5	2.884682e+028
83.6	2.623542e+028
83.7	2.386578e+028
83.8	2.171503e+028
83.9	1.976251e+028
84.0	1.798955e+028
84.1	1.637927e+028
84.2	1.491642e+028
84.3	1.358721e+028
84.4	1.237916e+028
84.5	1.128097e+028
84.6	1.028245e+028
84.7	9.374339e+027
84.8	8.548277e+027
84.9	7.796685e+027
85.0	7.112701e+027
85.1	6.490108e+027
85.2	5.923273e+027
85.3	5.407092e+027
85.4	4.936937e+027
85.5	4.508613e+027
85.6	4.118315e+027
85.7	3.762591e+027
85.8	3.438310e+027
85.9	3.142630e+027
86.0	2.872972e+027
86.1	2.626995e+027
86.2	2.402572e+027
86.3	2.197772e+027
86.4	2.010839e+027
86.5	1.840181e+027
86.6	1.684348e+027
86.7	1.542024e+027
86.8	1.412009e+027
86.9	1.293217e+027
87.0	1.184655e+027
87.1	1.085423e+027
87.2	9.947012e+026
87.3	9.117423e+026
87.4	8.358672e+026
87.5	7.664570e+026
87.6	7.029485e+026
87.7	6.448281e+026
87.8	5.916283e+026
87.9	5.429230e+026
88.0	4.983236e+026
88.1	4.574760e+026
88.2	4.200573e+026
88.3	3.857731e+026
88.4	3.543547e+026
88.5	3.255569e+026
88.6	2.991561e+026
88.7	2.749482e+026
88.8	2.527467e+026
88.9	2.323816e+026
89.0	2.136973e+026
89.1	1.965519e+026
89.2	1.808156e+026
89.3	1.663700e+026
89.4	1.531068e+026
89.5	1.409267e+026
89.6	1.297394e+026
89.7	1.194620e+026
89.8	1.100188e+026
89.9	1.013404e+026
90.0	9.336339e+025
90.1	8.602981e+025
90.2	7.928651e+025
90.3	7.308486e+025
90.4	6.738030e+025
90.5	6.213204e+025
90.6	5.730273e+025
90.7	5.285812e+025
90.8	4.876683e+025
90.9	4.500010e+025
91.0	4.153158e+025
91.1	3.833708e+025
91.2	3.539445e+025
91.3	3.268334e+025
91.4	3.018510e+025
91.5	2.788262e+025
91.6	2.576018e+025
91.7	2.380338e+025
91.8	2.199896e+025
91.9	2.033478e+025
92.0	1.879967e+025
92.1	1.738338e+025
92.2	1.607650e+025
92.3	1.487035e+025
92.4	1.375700e+025
92.5	1.272912e+025
92.6	1.178000e+025
92.7	1.090345e+025
92.8	1.009379e+025
92.9	9.345787e+024
93.0	8.654634e+024
93.1	8.015903e+024
93.2	7.425521e+024
93.3	6.879737e+024
93.4	6.375100e+024
93.5	5.908432e+024
93.6	5.476804e+024
93.7	5.077522e+024
93.8	4.708100e+024
93.9	4.366252e+024
94.0	4.049867e+024
94.1	3.757002e+024
94.2	3.485865e+024
94.3	3.234804e+024
94.4	3.002296e+024
94.5	2.786934e+024
94.6	2.587424e+024
94.7	2.402570e+024
94.8	2.231267e+024
94.9	2.072497e+024
95.0	1.925321e+024
95.1	1.788871e+024
95.2	1.662345e+024
95.3	1.545003e+024
95.4	1.436163e+024
95.5	1.335192e+024
95.6	1.241507e+024
95.7	1.154569e+024
95.8	1.073880e+024
95.9	9.989794e+023
96.0	9.294414e+023
96.1	8.648724e+023
96.2	8.049082e+023
96.3	7.492121e+023
96.4	6.974726e+023
96.5	6.494013e+023
96.6	6.047317e+023
96.7	5.632168e+023
96.8	5.246282e+023
96.9	4.887542e+023
97.0	4.553991e+023
97.1	4.243814e+023
97.2	3.955332e+023
97.3	3.686987e+023
97.4	3.437338e+023
97.5	3.205049e+023
97.6	2.988882e+023
97.7	2.787688e+023
97.8	2.600403e+023
97.9	2.426042e+023
98.0	2.263690e+023
98.1	2.112496e+023
98.2	1.971676e+023
98.3	1.840498e+023
98.4	1.718286e+023
98.5	1.604410e+023
98.6	1.498287e+023
98.7	1.399375e+023
98.8	1.307172e+023
98.9	1.221210e+023
99.0	1.141057e+023
99.1	1.066308e+023
99.2	9.965913e+022
99.3	9.315579e+022
99.4	8.708852e+022
99.5	8.142731e+022
99.6	7.614428e+022
99.7	7.121348e+022
99.8	6.661081e+022
99.9	6.231387e+022
100.0	5.830180e+022
100.1	5.455522e+022
100.2	5.105610e+022
100.3	4.778765e+022
100.4	4.473426e+022
100.5	4.188141e+022
100.6	3.921558e+022
100.7	3.672417e+022
100.8	3.439547e+022
100.9	3.221858e+022
101.0	3.018332e+022
101.1	2.828024e+022
101.2	2.650052e+022
101.3	2.483595e+022
101.4	2.327889e+022
101.5	2.182219e+022
101.6	2.045922e+022
101.7	1.918378e+022
101.8	1.799011e+022
101.9	1.687281e+022
102.0	1.582687e+022
102.1	1.484760e+022
102.2	1.393065e+022
102.3	1.307194e+022
102.4	1.226767e+022
102.5	1.151429e+022
102.6	1.080849e+022
102.7	1.014720e+022
102.8	9.527522e+021
102.9	8.946770e+021
103.0	8.402432e+021
103.1	7.892163e+021
103.2	7.413771e+021
103.3	6.965211e+021
103.4	6.544571e+021
103.5	6.150066e+021
103.6	5.780027e+021
103.7	5.432896e+021
103.8	5.107214e+021
103.9	4.801621e+021
104.0	4.514842e+021
104.1	4.245688e+021
104.2	3.993044e+021
104.3	3.755872e+021
104.4	3.533196e+021
104.5	3.324106e+021
104.6	3.127751e+021
104.7	2.943332e+021
104.8	2.770105e+021
104.9	2.607370e+021
105.0	2.454476e+021
105.1	2.310809e+021
105.2	2.175799e+021
105.3	2.048908e+021
105.4	1.929634e+021
105.5	1.817508e+021
105.6	1.712089e+021
105.7	1.612965e+021
105.8	1.519749e+021
105.9	1.432080e+021
106.0	1.349617e+021
106.1	1.272043e+021
106.2	1.199060e+021
106.3	1.130388e+021
106.4	1.065766e+021
106.5	1.004949e+021
106.6	9.477045e+020
106.7	8.938183e+020
106.8	8.430873e+020
106.9	7.953216e+020
107.0	7.503429e+020
107.1	7.079840e+020
107.2	6.680879e+020
107.3	6.305074e+020
107.4	5.951042e+020
107.5	5.617485e+020
107.6	5.303186e+020
107.7	5.007001e+020
107.8	4.727856e+020
107.9	4.464743e+020
108.0	4.216714e+020
108.1	3.982879e+020
108.2	3.762404e+020
108.3	3.554502e+020
108.4	3.358437e+020
108.5	3.173514e+020
108.6	2.999083e+020
108.7	2.834530e+020
108.8	2.679281e+020
108.9	2.532793e+020
109.0	2.394559e+020
109.1	2.264099e+020
109.2	2.140964e+020
109.3	2.024730e+020
109.4	1.914999e+020
109.5	1.811398e+020
109.6	1.713573e+020
109.7	1.621193e+020
109.8	1.533947e+020
109.9	1.451540e+020
110.0	1.373696e+020
110.1	1.300156e+020
110.2	1.230673e+020
110.3	1.165019e+020
110.4	1.102975e+020
110.5	1.044338e+020
110.6	9.889146e+019
110.7	9.365236e+019
110.8	8.869942e+019
110.9	8.401655e+019
111.0	7.958860e+019
111.1	7.540127e+019
111.2	7.144110e+019
111.3	6.769541e+019
111.4	6.415223e+019
111.5	6.080029e+019
111.6	5.762896e+019
111.7	5.462822e+019
111.8	5.178862e+019
111.9	4.910125e+019
112.0	4.655770e+019
112.1	4.415005e+019
112.2	4.187082e+019
112.3	3.971296e+019
112.4	3.766981e+019
112.5	3.573509e+019
112.6	3.390286e+019
112.7	3.216755e+019
112.8	3.052387e+019
112.9	2.896683e+019
113.0	2.749173e+019
113.1	2.609413e+019
113.2	2.476984e+019
113.3	2.351489e+019
113.4	2.232554e+019
113.5	2.119826e+019
113.6	2.012971e+019
113.7	1.911674e+019
113.8	1.815637e+019
113.9	1.724579e+019
114.0	1.638234e+019
114.1	1.556350e+019
114.2	1.478690e+019
114.3	1.405030e+019
114.4	1.335156e+019
114.5	1.268869e+019
114.6	1.205979e+019
114.7	1.146306e+019
114.8	1.089681e+019
114.9	1.035943e+019
115.0	9.849409e+018
115.1	9.365308e+018
115.2	8.905770e+018
115.3	8.469509e+018
115.4	8.055312e+018
115.5	7.662028e+018
115.6	7.288567e+018
115.7	6.933901e+018
115.8	6.597054e+018
115.9	6.277104e+018
116.0	5.973176e+018
116.1	5.684443e+018
116.2	5.410123e+018
116.3	5.149473e+018
116.4	4.901791e+018
116.5	4.666412e+018
116.6	4.442706e+018
116.7	4.230075e+018
116.8	4.027955e+018
116.9	3.835810e+018
117.0	3.653132e+018
117.1	3.479440e+018
117.2	3.314278e+018
117.3	3.157214e+018
117.4	3.007839e+018
117.5	2.865765e+018
117.6	2.730623e+018
117.7	2.602065e+018
117.8	2.479760e+018
117.9	2.363394e+018
118.0	2.252670e+018
118.1	2.147305e+018
118.2	2.047032e+018
118.3	1.951597e+018
118.4	1.860760e+018
118.5	1.774292e+018
118.6	1.691975e+018
118.7	1.613605e+018
118.8	1.538986e+018
118.9	1.467934e+018
119.0	1.400271e+018
119.1	1.335832e+018
119.2	1.274457e+018
119.3	1.215997e+018
119.4	1.160309e+018
119.5	1.107256e+018
119.6	1.056711e+018
119.7	1.008551e+018
119.8	9.626599e+017
119.9	9.189272e+017
120.0	8.772484e+017
120.1	8.375237e+017
120.2	7.996588e+017
120.3	7.635637e+017
120.4	7.291530e+017
120.5	6.963457e+017
120.6	6.650646e+017
120.7	6.352364e+017
120.8	6.067915e+017
120.9	5.796636e+017
121.0	5.537898e+017
121.1	5.291103e+017
121.2	5.055682e+017
121.3	4.831093e+017
121.4	4.616821e+017
121.5	4.412378e+017
121.6	4.217299e+017
121.7	4.031139e+017
121.8	3.853479e+017
121.9	3.683917e+017
122.0	3.522073e+017
122.1	3.367583e+017
122.2	3.220103e+017
122.3	3.079304e+017
122.4	2.944874e+017
122.5	2.816514e+017
122.6	2.693943e+017
122.7	2.576890e+017
122.8	2.465100e+017
122.9	2.358326e+017
123.0	2.256338e+017
123.1	2.158913e+017
123.2	2.065841e+017
123.3	1.976920e+017
123.4	1.891960e+017
123.5	1.810779e+017
123.6	1.733202e+017
123.7	1.659064e+017
123.8	1.588208e+017
123.9	1.520484e+017
124.0	1.455749e+017
124.1	1.393866e+017
124.2	1.334706e+017
124.3	1.278145e+017
124.4	1.224065e+017
124.5	1.172353e+017
124.6	1.122902e+017
124.7	1.075611e+017
124.8	1.030381e+017
124.9	9.871207e+016
125.0	9.457403e+016
125.1	9.061557e+016
125.2	8.682865e+016
125.3	8.320557e+016
125.4	7.973902e+016
125.5	7.642200e+016
125.6	7.324786e+016
125.7	7.021021e+016
125.8	6.730302e+016
125.9	6.452047e+016
126.0	6.185705e+016
126.1	5.930748e+016
126.2	5.686675e+016
126.3	5.453003e+016
126.4	5.229276e+016
126.5	5.015055e+016
126.6	4.809923e+016
126.7	4.613481e+016
126.8	4.425350e+016
126.9	4.245164e+016
127.0	4.072578e+016
127.1	3.907260e+016
127.2	3.748894e+016
127.3	3.597177e+016
127.4	3.451820e+016
127.5	3.312548e+016
127.6	3.179098e+016
127.7	3.051218e+016
127.8	2.928667e+016
127.9	2.811216e+016
128.0	2.698646e+016
128.1	2.590746e+016
128.2	2.487316e+016
128.3	2.388165e+016
128.4	2.293110e+016
128.5	2.201975e+016
128.6	2.114593e+016
128.7	2.030806e+016
128.8	1.950458e+016
128.9	1.873406e+016
129.0	1.799508e+016
129.1	1.728631e+016
129.2	1.660648e+016
129.3	1.595436e+016
129.4	1.532878e+016
129.5	1.472863e+016
129.6	1.415283e+016
129.7	1.360037e+016
129.8	1.307027e+016
129.9	1.256158e+016
130.0	1.207342e+016
130.1	1.160493e+016
130.2	1.115528e+016
130.3	1.072370e+016
130.4	1.030943e+016
130.5	9.911750e+015
130.6	9.529978e+015
130.7	9.163454e+015
130.8	8.811547e+015
130.9	8.473654e+015
131.0	8.149198e+015
131.1	7.837624e+015
131.2	7.538405e+015
131.3	7.251033e+015
131.4	6.975022e+015
131.5	6.709908e+015
131.6	6.455245e+015
131.7	6.210607e+015
131.8	5.975585e+015
131.9	5.749789e+015
132.0	5.532842e+015
132.1	5.324387e+015
132.2	5.124078e+015
132.3	4.931588e+015
132.4	4.746598e+015
132.5	4.568808e+015
132.6	4.397926e+015
132.7	4.233676e+015
132.8	4.075790e+015
132.9	3.924012e+015
133.0	3.778100e+015
133.1	3.637817e+015
133.2	3.502939e+015
133.3	3.373250e+015
133.4	3.248543e+015
133.5	3.128621e+015
133.6	3.013293e+015
133.7	2.902377e+015
133.8	2.795698e+015
133.9	2.693088e+015
134.0	2.594387e+015
134.1	2.499441e+015
134.2	2.408101e+015
134.3	2.320225e+015
134.4	2.235678e+015
134.5	2.154330e+015
134.6	2.076053e+015
134.7	2.000729e+015
134.8	1.928243e+015
134.9	1.858482e+015
135.0	1.791342e+015
135.1	1.726720e+015
135.2	1.664518e+015
135.3	1.604642e+015
135.4	1.547003e+015
135.5	1.491514e+015
135.6	1.438091e+015
135.7	1.386655e+015
135.8	1.337130e+015
135.9	1.289441e+015
136.0	1.243518e+015
136.1	1.199294e+015
136.2	1.156704e+015
136.3	1.115684e+015
136.4	1.076175e+015
136.5	1.038119e+015
136.6	1.001460e+015
136.7	9.661465e+014
136.8	9.321261e+014
136.9	8.993501e+014
137.0	8.677712e+014
137.1	8.373442e+014
137.2	8.080254e+014
137.3	7.797730e+014
137.4	7.525469e+014
137.5	7.263083e+014
137.6	7.010202e+014
137.7	6.766469e+014
137.8	6.531540e+014
137.9	6.305086e+014
138.0	6.086789e+014
138.1	5.876346e+014
138.2	5.673463e+014
138.3	5.477859e+014
138.4	5.289262e+014
138.5	5.107413e+014
138.6	4.932062e+014
138.7	4.762967e+014
138.8	4.599896e+014
138.9	4.442629e+014
139.0	4.290949e+014
139.1	4.144653e+014
139.2	4.003540e+014
139.3	3.867421e+014
139.4	3.736113e+014
139.5	3.609439e+014
139.6	3.487229e+014
139.7	3.369321e+014
139.8	3.255557e+014
139.9	3.145787e+014
140.0	3.039864e+014
140.1	2.937649e+014
140.2	2.839007e+014
140.3	2.743810e+014
140.4	2.651931e+014
140.5	2.563251e+014
140.6	2.477655e+014
140.7	2.395031e+014
140.8	2.315271e+014
140.9	2.238274e+014
141.0	2.163940e+014
141.1	2.092173e+014
141.2	2.022881e+014
141.3	1.955976e+014
141.4	1.891373e+014
141.5	1.828988e+014
141.6	1.768744e+014
141.7	1.710564e+014
141.8	1.654374e+014
141.9	1.600104e+014
142.0	1.547686e+014
142.1	1.497054e+014
142.2	1.448145e+014
142.3	1.400899e+014
142.4	1.355256e+014
142.5	1.311160e+014
142.6	1.268557e+014
142.7	1.227394e+014
142.8	1.187620e+014
142.9	1.149188e+014
143.0	1.112050e+014
143.1	1.076160e+014
143.2	1.041476e+014
143.3	1.007955e+014
143.4	9.755565e+013
143.5	9.442418e+013
143.6	9.139732e+013
143.7	8.847143e+013
143.8	8.564302e+013
143.9	8.290872e+013
144.0	8.026528e+013
144.1	7.770956e+013
144.2	7.523854e+013
144.3	7.284930e+013
144.4	7.053903e+013
144.5	6.830503e+013
144.6	6.614468e+013
144.7	6.405545e+013
144.8	6.203492e+013
144.9	6.008074e+013
145.0	5.819064e+013
145.1	5.636245e+013
145.2	5.459406e+013
145.3	5.288343e+013
145.4	5.122861e+013
145.5	4.962771e+013
145.6	4.807890e+013
145.7	4.658042e+013
145.8	4.513057e+013
145.9	4.372771e+013
146.0	4.237026e+013
146.1	4.105670e+013
146.2	3.978554e+013
146.3	3.855537e+013
146.4	3.736482e+013
146.5	3.621255e+013
146.6	3.509730e+013
146.7	3.401781e+013
146.8	3.297291e+013
146.9	3.196144e+013
147.0	3.098229e+013
147.1	3.003439e+013
147.2	2.911669e+013
147.3	2.822821e+013
147.4	2.736797e+013
147.5	2.653504e+013
147.6	2.572852e+013
147.7	2.494753e+013
147.8	2.419125e+013
147.9	2.345886e+013
148.0	2.274956e+013
148.1	2.206262e+013
148.2	2.139728e+013
148.3	2.075286e+013
148.4	2.012866e+013
148.5	1.952402e+013
148.6	1.893831e+013
148.7	1.837091e+013
148.8	1.782123e+013
148.9	1.728868e+013
149.0	1.677273e+013
149.1	1.627282e+013
149.2	1.578844e+013
149.3	1.531909e+013
149.4	1.486428e+013
149.5	1.442354e+013
149.6	1.399643e+013
149.7	1.358251e+013
149.8	1.318134e+013
149.9	1.279252e+013
150.0	1.241566e+013
150.1	1.205038e+013
150.2	1.169630e+013
150.3	1.135307e+013
150.4	1.102034e+013
150.5	1.069777e+013
150.6	1.038505e+013
150.7	1.008186e+013
150.8	9.787905e+012
150.9	9.502884e+012
151.0	9.226517e+012
151.1	8.958533e+012
151.2	8.698665e+012
151.3	8.446658e+012
151.4	8.202266e+012
151.5	7.965248e+012
151.6	7.735374e+012
151.7	7.512418e+012
151.8	7.296165e+012
151.9	7.086406e+012
152.0	6.882936e+012
152.1	6.685560e+012
152.2	6.494089e+012
152.3	6.308337e+012
152.4	6.128128e+012
152.5	5.953290e+012
152.6	5.783655e+012
152.7	5.619063e+012
152.8	5.459358e+012
152.9	5.304389e+012
153.0	5.154009e+012
153.1	5.008078e+012
153.2	4.866458e+012
153.3	4.729017e+012
153.4	4.595626e+012
153.5	4.466161e+012
153.6	4.340502e+012
153.7	4.218533e+012
153.8	4.100140e+012
153.9	3.985215e+012
154.0	3.873652e+012
154.1	3.765348e+012
154.2	3.660205e+012
154.3	3.558126e+012
154.4	3.459019e+012
154.5	3.362792e+012
154.6	3.269361e+012
154.7	3.178638e+012
154.8	3.090544e+012
154.9	3.004998e+012
155.0	2.921925e+012
155.1	2.841248e+012
155.2	2.762898e+012
155.3	2.686802e+012
155.4	2.612896e+012
155.5	2.541111e+012
155.6	2.471386e+012
155.7	2.403658e+012
155.8	2.337868e+012
155.9	2.273959e+012
156.0	2.211874e+012
156.1	2.151559e+012
156.2	2.092961e+012
156.3	2.036030e+012
156.4	1.980717e+012
156.5	1.926972e+012
156.6	1.874751e+012
156.7	1.824008e+012
156.8	1.774699e+012
156.9	1.726782e+012
157.0	1.680217e+012
157.1	1.634963e+012
157.2	1.590983e+012
157.3	1.548238e+012
157.4	1.506693e+012
157.5	1.466312e+012
157.6	1.427062e+012
157.7	1.388910e+012
157.8	1.351823e+012
157.9	1.315771e+012
158.0	1.280724e+012
158.1	1.246651e+012
158.2	1.213526e+012
158.3	1.181321e+012
158.4	1.150008e+012
158.5	1.119563e+012
158.6	1.089960e+012
158.7	1.061175e+012
158.8	1.033185e+012
158.9	1.005966e+012
159.0	9.794960e+011
159.1	9.537543e+011
159.2	9.287196e+011
159.3	9.043717e+011
159.4	8.806909e+011
159.5	8.576582e+011
159.6	8.352552e+011
159.7	8.134638e+011
159.8	7.922667e+011
159.9	7.716470e+011
160.0	7.515883e+011
160.1	7.320747e+011
160.2	7.130906e+011
160.3	6.946213e+011
160.4	6.766520e+011
160.5	6.591688e+011
160.6	6.421578e+011
160.7	6.256059e+011
160.8	6.095000e+011
160.9	5.938276e+011
161.0	5.785766e+011
161.1	5.637352e+011
161.2	5.492919e+011
161.3	5.352356e+011
161.4	5.215554e+011
161.5	5.082409e+011
161.6	4.952818e+011
161.7	4.826683e+011
161.8	4.703908e+011
161.9	4.584399e+011
162.0	4.468065e+011
162.1	4.354820e+011
162.2	4.244576e+011
162.3	4.137252e+011
162.4	4.032766e+011
162.5	3.931041e+011
162.6	3.832000e+011
162.7	3.735569e+011
162.8	3.641677e+011
162.9	3.550254e+011
163.0	3.461232e+011
163.1	3.374545e+011
163.2	3.290130e+011
163.3	3.207924e+011
163.4	3.127867e+011
163.5	3.049901e+011
163.6	2.973968e+011
163.7	2.900014e+011
163.8	2.827983e+011
163.9	2.757825e+011
164.0	2.689489e+011
164.1	2.622924e+011
164.2	2.558084e+011
164.3	2.494921e+011
164.4	2.433390e+011
164.5	2.373448e+011
164.6	2.315051e+011
164.7	2.258158e+011
164.8	2.202728e+011
164.9	2.148723e+011
165.0	2.096104e+011
165.1	2.044833e+011
165.2	1.994875e+011
165.3	1.946195e+011
165.4	1.898759e+011
165.5	1.852533e+011
165.6	1.807485e+011
165.7	1.763584e+011
165.8	1.720799e+011
165.9	1.679102e+011
166.0	1.638462e+011
166.1	1.598852e+011
166.2	1.560244e+011
166.3	1.522613e+011
166.4	1.485933e+011
166.5	1.450177e+011
166.6	1.415323e+011
166.7	1.381346e+011
166.8	1.348223e+011
166.9	1.315932e+011
167.0	1.284451e+011
167.1	1.253759e+011
167.2	1.223834e+011
167.3	1.194658e+011
167.4	1.166211e+011
167.5	1.138473e+011
167.6	1.111426e+011
167.7	1.085052e+011
167.8	1.059334e+011
167.9	1.034254e+011
168.0	1.009797e+011
168.1	9.859451e+010
168.2	9.626837e+010
168.3	9.399972e+010
168.4	9.178709e+010
168.5	8.962903e+010
168.6	8.752413e+010
168.7	8.547102e+010
168.8	8.346838e+010
168.9	8.151491e+010
169.0	7.960935e+010
169.1	7.775047e+010
169.2	7.593707e+010
169.3	7.416799e+010
169.4	7.244211e+010
169.5	7.075832e+010
169.6	6.911555e+010
169.7	6.751274e+010
169.8	6.594890e+010
169.9	6.442303e+010
170.0	6.293416e+010
170.1	6.148135e+010
170.2	6.006370e+010
170.3	5.868032e+010
170.4	5.733034e+010
170.5	5.601291e+010
170.6	5.472723e+010
170.7	5.347248e+010
170.8	5.224789e+010
170.9	5.105270e+010
171.0	4.988618e+010
171.1	4.874760e+010
171.2	4.763627e+010
171.3	4.655151e+010
171.4	4.549265e+010
171.5	4.445904e+010
171.6	4.345006e+010
171.7	4.246509e+010
171.8	4.150353e+010
171.9	4.056481e+010
172.0	3.964836e+010
172.1	3.875362e+010
172.2	3.788006e+010
172.3	3.702714e+010
172.4	3.619438e+010
172.5	3.538125e+010
172.6	3.458729e+010
172.7	3.381201e+010
172.8	3.305497e+010
172.9	3.231570e+010
173.0	3.159378e+010
173.1	3.088877e+010
173.2	3.020027e+010
173.3	2.952787e+010
173.4	2.887118e+010
173.5	2.822981e+010
173.6	2.760338e+010
173.7	2.699155e+010
173.8	2.639394e+010
173.9	2.581021e+010
174.0	2.524003e+010
174.1	2.468307e+010
174.2	2.413900e+010
174.3	2.360752e+010
174.4	2.308832e+010
174.5	2.258110e+010
174.6	2.208557e+010
174.7	2.160146e+010
174.8	2.112849e+010
174.9	2.066638e+010
175.0	2.021488e+010
175.1	1.977374e+010
175.2	1.934270e+010
175.3	1.892152e+010
175.4	1.850997e+010
175.5	1.810781e+010
175.6	1.771483e+010
175.7	1.733080e+010
175.8	1.695551e+010
175.9	1.658875e+010
176.0	1.623032e+010
176.1	1.588002e+010
176.2	1.553766e+010
176.3	1.520305e+010
176.4	1.487600e+010
176.5	1.455634e+010
176.6	1.424390e+010
176.7	1.393849e+010
176.8	1.363996e+010
176.9	1.334815e+010
177.0	1.306289e+010
177.1	1.278404e+010
177.2	1.251143e+010
177.3	1.224493e+010
177.4	1.198439e+010
177.5	1.172968e+010
177.6	1.148065e+010
177.7	1.123717e+010
177.8	1.099912e+010
177.9	1.076636e+010
178.0	1.053878e+010
178.1	1.031625e+010
178.2	1.009866e+010
178.3	9.885886e+009
178.4	9.677823e+009
178.5	9.474361e+009
178.6	9.275393e+009
178.7	9.080814e+009
178.8	8.890524e+009
178.9	8.704424e+009
179.0	8.522417e+009
179.1	8.344408e+009
179.2	8.170306e+009
179.3	8.000021e+009
179.4	7.833466e+009
179.5	7.670554e+009
179.6	7.511203e+009
179.7	7.355330e+009
179.8	7.202857e+009
179.9	7.053705e+009
180.0	6.907800e+009
180.1	6.765066e+009
180.2	6.625432e+009
180.3	6.488828e+009
180.4	6.355183e+009
180.5	6.224432e+009
180.6	6.096509e+009
180.7	5.971349e+009
180.8	5.848890e+009
180.9	5.729071e+009
181.0	5.611833e+009
181.1	5.497116e+009
181.2	5.384865e+009
181.3	5.275024e+009
181.4	5.167538e+009
181.5	5.062355e+009
181.6	4.959424e+009
181.7	4.858692e+009
181.8	4.760112e+009
181.9	4.663635e+009
182.0	4.569214e+009
182.1	4.476803e+009
182.2	4.386358e+009
182.3	4.297834e+009
182.4	4.211189e+009
182.5	4.126382e+009
182.6	4.043370e+009
182.7	3.962114e+009
182.8	3.882576e+009
182.9	3.804718e+009
183.0	3.728501e+009
183.1	3.653891e+009
183.2	3.580851e+009
183.3	3.509346e+009
183.4	3.439344e+009
183.5	3.370810e+009
183.6	3.303714e+009
183.7	3.238022e+009
183.8	3.173704e+009
183.9	3.110730e+009
184.0	3.049071e+009
184.1	2.988698e+009
184.2	2.929583e+009
184.3	2.871698e+009
184.4	2.815016e+009
184.5	2.759511e+009
184.6	2.705158e+009
184.7	2.651932e+009
184.8	2.599808e+009
184.9	2.548761e+009
185.0	2.498770e+009
185.1	2.449810e+009
185.2	2.401860e+009
185.3	2.354898e+009
185.4	2.308902e+009
185.5	2.263852e+009
185.6	2.219726e+009
185.7	2.176507e+009
185.8	2.134172e+009
185.9	2.092705e+009
186.0	2.052086e+009
186.1	2.012296e+009
186.2	1.973319e+009
186.3	1.935137e+009
186.4	1.897732e+009
186.5	1.861088e+009
186.6	1.825190e+009
186.7	1.790020e+009
186.8	1.755564e+009
186.9	1.721806e+009
187.0	1.688732e+009
187.1	1.656327e+009
187.2	1.624576e+009
187.3	1.593466e+009
187.4	1.562984e+009
187.5	1.533116e+009
187.6	1.503848e+009
187.7	1.475170e+009
187.8	1.447067e+009
187.9	1.419528e+009
188.0	1.392540e+009
188.1	1.366094e+009
188.2	1.340176e+009
188.3	1.314776e+009
188.4	1.289883e+009
188.5	1.265487e+009
188.6	1.241577e+009
188.7	1.218142e+009
188.8	1.195174e+009
188.9	1.172662e+009
189.0	1.150596e+009
189.1	1.128968e+009
189.2	1.107768e+009
189.3	1.086988e+009
189.4	1.066618e+009
189.5	1.046650e+009
189.6	1.027077e+009
189.7	1.007889e+009
189.8	9.890782e+008
189.9	9.706378e+008
190.0	9.525597e+008
190.1	9.348364e+008
190.2	9.174606e+008
190.3	9.004252e+008
190.4	8.837230e+008
190.5	8.673474e+008
190.6	8.512916e+008
190.7	8.355491e+008
190.8	8.201133e+008
190.9	8.049781e+008
191.0	7.901373e+008
191.1	7.755850e+008
191.2	7.613151e+008
191.3	7.473219e+008
191.4	7.335999e+008
191.5	7.201435e+008
191.6	7.069473e+008
191.7	6.940060e+008
191.8	6.813145e+008
191.9	6.688677e+008
192.0	6.566605e+008
192.1	6.446883e+008
192.2	6.329462e+008
192.3	6.214296e+008
192.4	6.101340e+008
192.5	5.990548e+008
192.6	5.881878e+008
192.7	5.775287e+008
192.8	5.670732e+008
192.9	5.568173e+008
193.0	5.467571e+008
193.1	5.368885e+008
193.2	5.272078e+008
193.3	5.177112e+008
193.4	5.083950e+008
193.5	4.992556e+008
193.6	4.902895e+008
193.7	4.814933e+008
193.8	4.728635e+008
193.9	4.643968e+008
194.0	4.560901e+008
194.1	4.479401e+008
194.2	4.399437e+008
194.3	4.320979e+008
194.4	4.243997e+008
194.5	4.168462e+008
194.6	4.094346e+008
194.7	4.021619e+008
194.8	3.950256e+008
194.9	3.880229e+008
195.0	3.811511e+008
195.1	3.744078e+008
195.2	3.677903e+008
195.3	3.612963e+008
195.4	3.549233e+008
195.5	3.486688e+008
195.6	3.425307e+008
195.7	3.365067e+008
195.8	3.305944e+008
195.9	3.247918e+008
196.0	3.190966e+008
196.1	3.135069e+008
196.2	3.080205e+008
196.3	3.026354e+008
196.4	2.973497e+008
196.5	2.921615e+008
196.6	2.870688e+008
196.7	2.820698e+008
196.8	2.771627e+008
196.9	2.723457e+008
197.0	2.676171e+008
197.1	2.629751e+008
197.2	2.584182e+008
197.3	2.539447e+008
197.4	2.495529e+008
197.5	2.452412e+008
197.6	2.410083e+008
197.7	2.368525e+008
197.8	2.327723e+008
197.9	2.287664e+008
198.0	2.248333e+008
198.1	2.209715e+008
198.2	2.171798e+008
198.3	2.134569e+008
198.4	2.098013e+008
198.5	2.062118e+008
198.6	2.026872e+008
198.7	1.992262e+008
198.8	1.958276e+008
198.9	1.924903e+008
199.0	1.892130e+008
199.1	1.859947e+008
199.2	1.828342e+008
199.3	1.797304e+008
199.4	1.766823e+008
199.5	1.736888e+008
199.6	1.707489e+008
199.7	1.678615e+008
199.8	1.650257e+008
199.9	1.622405e+008
200.0	1.595050e+008
200.1	1.568182e+008
200.2	1.541793e+008
200.3	1.515872e+008
200.4	1.490412e+008
200.5	1.465404e+008
200.6	1.440839e+008
200.7	1.416709e+008
200.8	1.393007e+008
200.9	1.369723e+008
201.0	1.346851e+008
201.1	1.324382e+008
201.2	1.302309e+008
201.3	1.280626e+008
201.4	1.259323e+008
201.5	1.238396e+008
201.6	1.217835e+008
201.7	1.197636e+008
201.8	1.177791e+008
201.9	1.158293e+008
202.0	1.139137e+008
202.1	1.120315e+008
202.2	1.101822e+008
202.3	1.083652e+008
202.4	1.065799e+008
202.5	1.048256e+008
202.6	1.031019e+008
202.7	1.014081e+008
202.8	9.974381e+007
202.9	9.810836e+007
203.0	9.650125e+007
203.1	9.492199e+007
203.2	9.337005e+007
203.3	9.184494e+007
203.4	9.034617e+007
203.5	8.887326e+007
203.6	8.742575e+007
203.7	8.600317e+007
203.8	8.460507e+007
203.9	8.323100e+007
204.0	8.188054e+007
204.1	8.055325e+007
204.2	7.924871e+007
204.3	7.796652e+007
204.4	7.670627e+007
204.5	7.546757e+007
204.6	7.425003e+007
204.7	7.305326e+007
204.8	7.187690e+007
204.9	7.072057e+007
205.0	6.958393e+007
205.1	6.846661e+007
205.2	6.736827e+007
205.3	6.628857e+007
205.4	6.522718e+007
205.5	6.418377e+007
205.6	6.315801e+007
205.7	6.214961e+007
205.8	6.115823e+007
205.9	6.018359e+007
206.0	5.922539e+007
206.1	5.828333e+007
206.2	5.735712e+007
206.3	5.644649e+007
206.4	5.555116e+007
206.5	5.467086e+007
206.6	5.380532e+007
206.7	5.295428e+007
206.8	5.211749e+007
206.9	5.129470e+007
207.0	5.048565e+007
207.1	4.969011e+007
207.2	4.890784e+007
207.3	4.813860e+007
207.4	4.738217e+007
207.5	4.663832e+007
207.6	4.590683e+007
207.7	4.518749e+007
207.8	4.448008e+007
207.9	4.378440e+007
208.0	4.310023e+007
208.1	4.242738e+007
208.2	4.176565e+007
208.3	4.111485e+007
208.4	4.047479e+007
208.5	3.984528e+007
208.6	3.922613e+007
208.7	3.861717e+007
208.8	3.801822e+007
208.9	3.742911e+007
209.0	3.684967e+007
209.1	3.627972e+007
209.2	3.571911e+007
209.3	3.516767e+007
209.4	3.462525e+007
209.5	3.409169e+007
209.6	3.356684e+007
209.7	3.305054e+007
209.8	3.254266e+007
209.9	3.204304e+007
210.0	3.155155e+007
210.1	3.106804e+007
210.2	3.059239e+007
210.3	3.012444e+007
210.4	2.966408e+007
210.5	2.921117e+007
210.6	2.876559e+007
210.7	2.832720e+007
210.8	2.789590e+007
210.9	2.747155e+007
211.0	2.705404e+007
211.1	2.664326e+007
211.2	2.623908e+007
211.3	2.584140e+007
211.4	2.545011e+007
211.5	2.506509e+007
211.6	2.468625e+007
211.7	2.431347e+007
211.8	2.394666e+007
211.9	2.358571e+007
212.0	2.323053e+007
212.1	2.288102e+007
212.2	2.253708e+007
212.3	2.219862e+007
212.4	2.186555e+007
212.5	2.153777e+007
212.6	2.121520e+007
212.7	2.089776e+007
212.8	2.058534e+007
212.9	2.027788e+007
213.0	1.997529e+007
213.1	1.967748e+007
213.2	1.938438e+007
213.3	1.909591e+007
213.4	1.881199e+007
213.5	1.853254e+007
213.6	1.825749e+007
213.7	1.798678e+007
213.8	1.772032e+007
213.9	1.745804e+007
214.0	1.719988e+007
214.1	1.694577e+007
214.2	1.669564e+007
214.3	1.644942e+007
214.4	1.620705e+007
214.5	1.596847e+007
214.6	1.573362e+007
214.7	1.550243e+007
214.8	1.527484e+007
214.9	1.505079e+007
215.0	1.483023e+007
215.1	1.461310e+007
215.2	1.439934e+007
215.3	1.418890e+007
215.4	1.398171e+007
215.5	1.377774e+007
215.6	1.357692e+007
215.7	1.337921e+007
215.8	1.318455e+007
215.9	1.299290e+007
216.0	1.280420e+007
216.1	1.261841e+007
216.2	1.243548e+007
216.3	1.225537e+007
216.4	1.207802e+007
216.5	1.190339e+007
216.6	1.173144e+007
216.7	1.156213e+007
216.8	1.139541e+007
216.9	1.123124e+007
217.0	1.106958e+007
217.1	1.091039e+007
217.2	1.075363e+007
217.3	1.059926e+007
217.4	1.044724e+007
217.5	1.029754e+007
217.6	1.015011e+007
217.7	1.000492e+007
217.8	9.861938e+006
217.9	9.721123e+006
218.0	9.582442e+006
218.1	9.445861e+006
218.2	9.311346e+006
218.3	9.178864e+006
218.4	9.048383e+006
218.5	8.919871e+006
218.6	8.793297e+006
218.7	8.668629e+006
218.8	8.545838e+006
218.9	8.424893e+006
219.0	8.305766e+006
219.1	8.188426e+006
219.2	8.072847e+006
219.3	7.959000e+006
219.4	7.846857e+006
219.5	7.736393e+006
219.6	7.627579e+006
219.7	7.520390e+006
219.8	7.414801e+006
219.9	7.310787e+006
220.0	7.208321e+006
220.1	7.107381e+006
220.2	7.007942e+006
220.3	6.909980e+006
220.4	6.813473e+006
220.5	6.718397e+006
220.6	6.624730e+006
220.7	6.532451e+006
220.8	6.441536e+006
220.9	6.351966e+006
221.0	6.263718e+006
221.1	6.176773e+006
221.2	6.091109e+006
221.3	6.006708e+006
221.4	5.923549e+006
221.5	5.841613e+006
221.6	5.760881e+006
221.7	5.681334e+006
221.8	5.602955e+006
221.9	5.525724e+006
222.0	5.449624e+006
222.1	5.374638e+006
222.2	5.300748e+006
222.3	5.227937e+006
222.4	5.156189e+006
222.5	5.085487e+006
222.6	5.015816e+006
222.7	4.947158e+006
222.8	4.879500e+006
222.9	4.812825e+006
223.0	4.747118e+006
223.1	4.682364e+006
223.2	4.618549e+006
223.3	4.555659e+006
223.4	4.493678e+006
223.5	4.432594e+006
223.6	4.372392e+006
223.7	4.313060e+006
223.8	4.254583e+006
223.9	4.196949e+006
224.0	4.140145e+006
224.1	4.084158e+006
224.2	4.028976e+006
224.3	3.974587e+006
224.4	3.920978e+006
224.5	3.868138e+006
224.6	3.816055e+006
224.7	3.764718e+006
224.8	3.714115e+006
224.9	3.664235e+006
225.0	3.615067e+006
225.1	3.566601e+006
225.2	3.518826e+006
225.3	3.471731e+006
225.4	3.425306e+006
225.5	3.379542e+006
225.6	3.334428e+006
225.7	3.289954e+006
225.8	3.246111e+006
225.9	3.202889e+006
226.0	3.160280e+006
226.1	3.118273e+006
226.2	3.076861e+006
226.3	3.036033e+006
226.4	2.995781e+006
226.5	2.956097e+006
226.6	2.916973e+006
226.7	2.878399e+006
226.8	2.840367e+006
226.9	2.802870e+006
227.0	2.765900e+006
227.1	2.729449e+006
227.2	2.693508e+006
227.3	2.658072e+006
227.4	2.623131e+006
227.5	2.588678e+006
227.6	2.554708e+006
227.7	2.521211e+006
227.8	2.488182e+006
227.9	2.455613e+006
228.0	2.423498e+006
228.1	2.391830e+006
228.2	2.360602e+006
228.3	2.329808e+006
228.4	2.299442e+006
228.5	2.269496e+006
228.6	2.239966e+006
228.7	2.210845e+006
228.8	2.182126e+006
228.9	2.153805e+006
229.0	2.125875e+006
229.1	2.098330e+006
229.2	2.071165e+006
229.3	2.044375e+006
229.4	2.017953e+006
229.5	1.991895e+006
229.6	1.966195e+006
229.7	1.940848e+006
229.8	1.915849e+006
229.9	1.891193e+006
230.0	1.866874e+006
230.1	1.842889e+006
230.2	1.819231e+006
230.3	1.795897e+006
230.4	1.772881e+006
230.5	1.750180e+006
230.6	1.727788e+006
230.7	1.705701e+006
230.8	1.683915e+006
230.9	1.662425e+006
231.0	1.641227e+006
231.1	1.620317e+006
231.2	1.599691e+006
231.3	1.579344e+006
231.4	1.559273e+006
231.5	1.539473e+006
231.6	1.519942e+006
231.7	1.500674e+006
231.8	1.481666e+006
231.9	1.462915e+006
232.0	1.444417e+006
232.1	1.426167e+006
232.2	1.408164e+006
232.3	1.390402e+006
232.4	1.372879e+006
232.5	1.355591e+006
232.6	1.338536e+006
232.7	1.321708e+006
232.8	1.305107e+006
232.9	1.288727e+006
233.0	1.272566e+006
233.1	1.256622e+006
233.2	1.240890e+006
233.3	1.225368e+006
233.4	1.210053e+006
233.5	1.194941e+006
233.6	1.180031e+006
233.7	1.165319e+006
233.8	1.150803e+006
233.9	1.136479e+006
234.0	1.122346e+006
234.1	1.108399e+006
234.2	1.094637e+006
234.3	1.081058e+006
234.4	1.067658e+006
234.5	1.054435e+006
234.6	1.041386e+006
234.7	1.028510e+006
234.8	1.015803e+006
234.9	1.003264e+006
235.0	9.908895e+005
235.1	9.786778e+005
235.2	9.666266e+005
235.3	9.547335e+005
235.4	9.429965e+005
235.5	9.314132e+005
235.6	9.199817e+005
235.7	9.086997e+005
235.8	8.975652e+005
235.9	8.865762e+005
236.0	8.757307e+005
236.1	8.650266e+005
236.2	8.544620e+005
236.3	8.440350e+005
236.4	8.337436e+005
236.5	8.235861e+005
236.6	8.135605e+005
236.7	8.036651e+005
236.8	7.938980e+005
236.9	7.842576e+005
237.0	7.747419e+005
237.1	7.653494e+005
237.2	7.560784e+005
237.3	7.469271e+005
237.4	7.378939e+005
237.5	7.289773e+005
237.6	7.201756e+005
237.7	7.114872e+005
237.8	7.029107e+005
237.9	6.944444e+005
238.0	6.860870e+005
238.1	6.778368e+005
238.2	6.696924e+005
238.3	6.616525e+005
238.4	6.537155e+005
238.5	6.458801e+005
238.6	6.381449e+005
238.7	6.305085e+005
238.8	6.229696e+005
238.9	6.155269e+005
239.0	6.081791e+005
239.1	6.009249e+005
239.2	5.937630e+005
239.3	5.866921e+005
239.4	5.797112e+005
239.5	5.728189e+005
239.6	5.660140e+005
239.7	5.592954e+005
239.8	5.526619e+005
239.9	5.461123e+005
240.0	5.396456e+005
240.1	5.332607e+005
240.2	5.269563e+005
240.3	5.207316e+005
240.4	5.145853e+005
240.5	5.085164e+005
240.6	5.025239e+005
240.7	4.966068e+005
240.8	4.907641e+005
240.9	4.849948e+005
241.0	4.792979e+005
241.1	4.736724e+005
241.2	4.681174e+005
241.3	4.626319e+005
241.4	4.572151e+005
241.5	4.518660e+005
241.6	4.465837e+005
241.7	4.413673e+005
241.8	4.362160e+005
241.9	4.311289e+005
242.0	4.261052e+005
242.1	4.211439e+005
242.2	4.162443e+005
242.3	4.114056e+005
242.4	4.066270e+005
242.5	4.019077e+005
242.6	3.972468e+005
242.7	3.926437e+005
242.8	3.880975e+005
242.9	3.836076e+005
243.0	3.791731e+005
243.1	3.747934e+005
243.2	3.704677e+005
243.3	3.661953e+005
243.4	3.619756e+005
243.5	3.578078e+005
243.6	3.536913e+005
243.7	3.496253e+005
243.8	3.456093e+005
243.9	3.416426e+005
244.0	3.377245e+005
244.1	3.338545e+005
244.2	3.300318e+005
244.3	3.262558e+005
244.4	3.225261e+005
244.5	3.188418e+005
244.6	3.152026e+005
244.7	3.116077e+005
244.8	3.080567e+005
244.9	3.045488e+005
245.0	3.010837e+005
245.1	2.976607e+005
245.2	2.942793e+005
245.3	2.909389e+005
245.4	2.876391e+005
245.5	2.843792e+005
245.6	2.811589e+005
245.7	2.779775e+005
245.8	2.748346e+005
245.9	2.717296e+005
246.0	2.686622e+005
246.1	2.656318e+005
246.2	2.626379e+005
246.3	2.596801e+005
246.4	2.567579e+005
246.5	2.538708e+005
246.6	2.510184e+005
246.7	2.482003e+005
246.8	2.454161e+005
246.9	2.426652e+005
247.0	2.399473e+005
247.1	2.372619e+005
247.2	2.346087e+005
247.3	2.319871e+005
247.4	2.293969e+005
247.5	2.268377e+005
247.6	2.243089e+005
247.7	2.218103e+005
247.8	2.193415e+005
247.9	2.169020e+005
248.0	2.144916e+005
248.1	2.121098e+005
248.2	2.097563e+005
248.3	2.074307e+005
248.4	2.051327e+005
248.5	2.028619e+005
248.6	2.006181e+005
248.7	1.984007e+005
248.8	1.962096e+005
248.9	1.940443e+005
249.0	1.919046e+005
249.1	1.897902e+005
249.2	1.877007e+005
249.3	1.856357e+005
249.4	1.835951e+005
249.5	1.815785e+005
249.6	1.795856e+005
249.7	1.776160e+005
249.8	1.756696e+005
249.9	1.737460e+005
250.0	1.718449e+005
250.1	1.699661e+005
250.2	1.681093e+005
250.3	1.662742e+005
250.4	1.644605e+005
250.5	1.626680e+005
250.6	1.608964e+005
250.7	1.591454e+005
250.8	1.574148e+005
250.9	1.557044e+005
251.0	1.540138e+005
251.1	1.523429e+005
251.2	1.506914e+005
251.3	1.490591e+005
251.4	1.474457e+005
251.5	1.458509e+005
251.6	1.442747e+005
251.7	1.427166e+005
251.8	1.411766e+005
251.9	1.396544e+005
252.0	1.381497e+005
252.1	1.366624e+005
252.2	1.351922e+005
252.3	1.337390e+005
252.4	1.323025e+005
252.5	1.308825e+005
252.6	1.294788e+005
252.7	1.280912e+005
252.8	1.267196e+005
252.9	1.253637e+005
253.0	1.240233e+005
253.1	1.226983e+005
253.2	1.213884e+005
253.3	1.200935e+005
253.4	1.188134e+005
253.5	1.175478e+005
253.6	1.162968e+005
253.7	1.150600e+005
253.8	1.138372e+005
253.9	1.126284e+005
254.0	1.114334e+005
254.1	1.102519e+005
254.2	1.090838e+005
254.3	1.079290e+005
254.4	1.067873e+005
254.5	1.056585e+005
254.6	1.045425e+005
254.7	1.034391e+005
254.8	1.023482e+005
254.9	1.012697e+005
255.0	1.002032e+005
255.1	9.914888e+004
255.2	9.810639e+004
255.3	9.707565e+004
255.4	9.605650e+004
255.5	9.504882e+004
255.6	9.405247e+004
255.7	9.306730e+004
255.8	9.209320e+004
255.9	9.113001e+004
256.0	9.017762e+004
256.1	8.923590e+004
256.2	8.830471e+004
256.3	8.738394e+004
256.4	8.647345e+004
256.5	8.557313e+004
256.6	8.468286e+004
256.7	8.380251e+004
256.8	8.293197e+004
256.9	8.207112e+004
257.0	8.121984e+004
257.1	8.037804e+004
257.2	7.954558e+004
257.3	7.872236e+004
257.4	7.790828e+004
257.5	7.710321e+004
257.6	7.630707e+004
257.7	7.551974e+004
257.8	7.474111e+004
257.9	7.397109e+004
258.0	7.320958e+004
258.1	7.245647e+004
258.2	7.171167e+004
258.3	7.097507e+004
258.4	7.024658e+004
258.5	6.952612e+004
258.6	6.881357e+004
258.7	6.810885e+004
258.8	6.741188e+004
258.9	6.672255e+004
259.0	6.604077e+004
259.1	6.536647e+004
259.2	6.469955e+004
259.3	6.403993e+004
259.4	6.338752e+004
259.5	6.274223e+004
259.6	6.210400e+004
259.7	6.147272e+004
259.8	6.084833e+004
259.9	6.023073e+004
260.0	5.961986e+004
260.1	5.901564e+004
260.2	5.841798e+004
260.3	5.782682e+004
260.4	5.724207e+004
260.5	5.666367e+004
260.6	5.609153e+004
260.7	5.552559e+004
260.8	5.496578e+004
260.9	5.441202e+004
261.0	5.386425e+004
261.1	5.332239e+004
261.2	5.278638e+004
261.3	5.225615e+004
261.4	5.173164e+004
261.5	5.121277e+004
261.6	5.069949e+004
261.7	5.019173e+004
261.8	4.968942e+004
261.9	4.919251e+004
262.0	4.870093e+004
262.1	4.821463e+004
262.2	4.773353e+004
262.3	4.725758e+004
262.4	4.678673e+004
262.5	4.632091e+004
262.6	4.586007e+004
262.7	4.540415e+004
262.8	4.495310e+004
262.9	4.450685e+004
263.0	4.406536e+004
263.1	4.362857e+004
263.2	4.319642e+004
263.3	4.276887e+004
263.4	4.234587e+004
263.5	4.192735e+004
263.6	4.151328e+004
263.7	4.110359e+004
263.8	4.069824e+004
263.9	4.029719e+004
264.0	3.990038e+004
264.1	3.950776e+004
264.2	3.911929e+004
264.3	3.873493e+004
264.4	3.835461e+004
264.5	3.797831e+004
264.6	3.760597e+004
264.7	3.723755e+004
264.8	3.687301e+004
264.9	3.651230e+004
265.0	3.615537e+004
265.1	3.580220e+004
265.2	3.545273e+004
265.3	3.510692e+004
265.4	3.476474e+004
265.5	3.442613e+004
265.6	3.409107e+004
265.7	3.375951e+004
265.8	3.343142e+004
265.9	3.310675e+004
266.0	3.278546e+004
266.1	3.246753e+004
266.2	3.215290e+004
266.3	3.184156e+004
266.4	3.153345e+004
266.5	3.122854e+004
266.6	3.092680e+004
266.7	3.062819e+004
266.8	3.033268e+004
266.9	3.004023e+004
267.0	2.975082e+004
267.1	2.946439e+004
267.2	2.918093e+004
267.3	2.890040e+004
267.4	2.862277e+004
267.5	2.834800e+004
267.6	2.807607e+004
267.7	2.780694e+004
267.8	2.754059e+004
267.9	2.727697e+004
268.0	2.701607e+004
268.1	2.675784e+004
268.2	2.650227e+004
268.3	2.624933e+004
268.4	2.599898e+004
268.5	2.575119e+004
268.6	2.550594e+004
268.7	2.526321e+004
268.8	2.502295e+004
268.9	2.478515e+004
269.0	2.454978e+004
269.1	2.431682e+004
269.2	2.408623e+004
269.3	2.385799e+004
269.4	2.363207e+004
269.5	2.340846e+004
269.6	2.318712e+004
269.7	2.296803e+004
269.8	2.275116e+004
269.9	2.253650e+004
270.0	2.232401e+004
270.1	2.211368e+004
270.2	2.190548e+004
270.3	2.169938e+004
270.4	2.149538e+004
270.5	2.129343e+004
270.6	2.109352e+004
270.7	2.089563e+004
270.8	2.069974e+004
270.9	2.050583e+004
271.0	2.031386e+004
271.1	2.012383e+004
271.2	1.993571e+004
271.3	1.974948e+004
271.4	1.956513e+004
271.5	1.938262e+004
271.6	1.920195e+004
271.7	1.902308e+004
271.8	1.884601e+004
271.9	1.867071e+004
272.0	1.849717e+004
272.1	1.832536e+004
272.2	1.815527e+004
272.3	1.798687e+004
272.4	1.782016e+004
272.5	1.765511e+004
272.6	1.749170e+004
272.7	1.732992e+004
272.8	1.716975e+004
272.9	1.701117e+004
273.0	1.685417e+004
273.1	1.669872e+004
273.2	1.654482e+004
273.3	1.639245e+004
273.4	1.624159e+004
273.5	1.609222e+004
273.6	1.594432e+004
273.7	1.579789e+004
273.8	1.565291e+004
273.9	1.550936e+004
274.0	1.536723e+004
274.1	1.522650e+004
274.2	1.508715e+004
274.3	1.494918e+004
274.4	1.481256e+004
274.5	1.467729e+004
274.6	1.454335e+004
274.7	1.441073e+004
274.8	1.427940e+004
274.9	1.414937e+004
275.0	1.402061e+004
275.1	1.389311e+004
275.2	1.376686e+004
275.3	1.364184e+004
275.4	1.351805e+004
275.5	1.339546e+004
275.6	1.327407e+004
275.7	1.315387e+004
275.8	1.303484e+004
275.9	1.291697e+004
276.0	1.280024e+004
276.1	1.268465e+004
276.2	1.257019e+004
276.3	1.245683e+004
276.4	1.234458e+004
276.5	1.223342e+004
276.6	1.212334e+004
276.7	1.201432e+004
276.8	1.190635e+004
276.9	1.179944e+004
277.0	1.169355e+004
277.1	1.158869e+004
277.2	1.148485e+004
277.3	1.138200e+004
277.4	1.128015e+004
277.5	1.117927e+004
277.6	1.107937e+004
277.7	1.098044e+004
277.8	1.088245e+004
277.9	1.078540e+004
278.0	1.068929e+004
278.1	1.059410e+004
278.2	1.049982e+004
278.3	1.040645e+004
278.4	1.031397e+004
278.5	1.022238e+004
278.6	1.013166e+004
278.7	1.004181e+004
278.8	9.952822e+003
278.9	9.864681e+003
279.0	9.777380e+003
279.1	9.690912e+003
279.2	9.605268e+003
279.3	9.520440e+003
279.4	9.436419e+003
279.5	9.353197e+003
279.6	9.270766e+003
279.7	9.189118e+003
279.8	9.108244e+003
279.9	9.028138e+003
280.0	8.948791e+003
280.1	8.870196e+003
280.2	8.792344e+003
280.3	8.715229e+003
280.4	8.638843e+003
280.5	8.563179e+003
280.6	8.488229e+003
280.7	8.413986e+003
280.8	8.340443e+003
280.9	8.267593e+003
281.0	8.195428e+003
281.1	8.123943e+003
281.2	8.053130e+003
281.3	7.982983e+003
281.4	7.913494e+003
281.5	7.844657e+003
281.6	7.776466e+003
281.7	7.708914e+003
281.8	7.641995e+003
281.9	7.575702e+003
282.0	7.510029e+003
282.1	7.444970e+003
282.2	7.380519e+003
282.3	7.316669e+003
282.4	7.253415e+003
282.5	7.190751e+003
282.6	7.128670e+003
282.7	7.067167e+003
282.8	7.006237e+003
282.9	6.945873e+003
283.0	6.886070e+003
283.1	6.826823e+003
283.2	6.768125e+003
283.3	6.709972e+003
283.4	6.652357e+003
283.5	6.595276e+003
283.6	6.538724e+003
283.7	6.482694e+003
283.8	6.427183e+003
283.9	6.372184e+003
284.0	6.317692e+003
284.1	6.263704e+003
284.2	6.210213e+003
284.3	6.157215e+003
284.4	6.104705e+003
284.5	6.052678e+003
284.6	6.001130e+003
284.7	5.950055e+003
284.8	5.899449e+003
284.9	5.849308e+003
285.0	5.799626e+003
285.1	5.750400e+003
285.2	5.701625e+003
285.3	5.653296e+003
285.4	5.605409e+003
285.5	5.557959e+003
285.6	5.510944e+003
285.7	5.464357e+003
285.8	5.418196e+003
285.9	5.372455e+003
286.0	5.327131e+003
286.1	5.282220e+003
286.2	5.237717e+003
286.3	5.193619e+003
286.4	5.149922e+003
286.5	5.106622e+003
286.6	5.063715e+003
286.7	5.021196e+003
286.8	4.979064e+003
286.9	4.937312e+003
287.0	4.895939e+003
287.1	4.854940e+003
287.2	4.814312e+003
287.3	4.774051e+003
287.4	4.734153e+003
287.5	4.694615e+003
287.6	4.655434e+003
287.7	4.616606e+003
287.8	4.578127e+003
287.9	4.539995e+003
288.0	4.502206e+003
288.1	4.464756e+003
288.2	4.427643e+003
288.3	4.390863e+003
288.4	4.354412e+003
288.5	4.318289e+003
288.6	4.282489e+003
288.7	4.247010e+003
288.8	4.211848e+003
288.9	4.177000e+003
289.0	4.142464e+003
289.1	4.108237e+003
289.2	4.074315e+003
289.3	4.040695e+003
289.4	4.007375e+003
289.5	3.974352e+003
289.6	3.941622e+003
289.7	3.909184e+003
289.8	3.877035e+003
289.9	3.845170e+003
290.0	3.813589e+003
290.1	3.782288e+003
290.2	3.751265e+003
290.3	3.720516e+003
290.4	3.690040e+003
290.5	3.659833e+003
290.6	3.629894e+003
290.7	3.600219e+003
290.8	3.570807e+003
290.9	3.541654e+003
291.0	3.512758e+003
291.1	3.484117e+003
291.2	3.455728e+003
291.3	3.427589e+003
291.4	3.399698e+003
291.5	3.372052e+003
291.6	3.344649e+003
291.7	3.317487e+003
291.8	3.290563e+003
291.9	3.263875e+003
292.0	3.237422e+003
292.1	3.211200e+003
292.2	3.185207e+003
292.3	3.159442e+003
292.4	3.133902e+003
292.5	3.108586e+003
292.6	3.083490e+003
292.7	3.058613e+003
292.8	3.033954e+003
292.9	3.009509e+003
293.0	2.985277e+003
293.1	2.961256e+003
293.2	2.937445e+003
293.3	2.913840e+003
293.4	2.890440e+003
293.5	2.867243e+003
293.6	2.844248e+003
293.7	2.821452e+003
293.8	2.798853e+003
293.9	2.776451e+003
294.0	2.754242e+003
294.1	2.732225e+003
294.2	2.710399e+003
294.3	2.688761e+003
294.4	2.667310e+003
294.5	2.646044e+003
294.6	2.624961e+003
294.7	2.604060e+003
294.8	2.583340e+003
294.9	2.562797e+003
295.0	2.542431e+003
295.1	2.522240e+003
295.2	2.502223e+003
295.3	2.482377e+003
295.4	2.462702e+003
295.5	2.443195e+003
295.6	2.423855e+003
295.7	2.404681e+003
295.8	2.385671e+003
295.9	2.366824e+003
296.0	2.348138e+003
296.1	2.329611e+003
296.2	2.311243e+003
296.3	2.293031e+003
296.4	2.274974e+003
296.5	2.257072e+003
296.6	2.239321e+003
296.7	2.221722e+003
296.8	2.204273e+003
296.9	2.186971e+003
297.0	2.169817e+003
297.1	2.152808e+003
297.2	2.135944e+003
297.3	2.119222e+003
297.4	2.102642e+003
297.5	2.086203e+003
297.6	2.069903e+003
297.7	2.053740e+003
297.8	2.037714e+003
297.9	2.021824e+003
298.0	2.006067e+003
298.1	1.990444e+003
298.2	1.974952e+003
298.3	1.959590e+003
298.4	1.944358e+003
298.5	1.929254e+003
298.6	1.914278e+003
298.7	1.899427e+003
298.8	1.884700e+003
298.9	1.870098e+003
299.0	1.855617e+003
299.1	1.841259e+003
299.2	1.827020e+003
299.3	1.812901e+003
299.4	1.798900e+003
299.5	1.785015e+003
299.6	1.771247e+003
299.7	1.757594e+003
299.8	1.744055e+003
299.9	1.730629e+003
300.0	1.717315e+003
