   1.4516671e+01   1.2293692e-06
   1.7393056e+01   1.2284465e-06
   2.2664371e+01   1.2281312e-06
   2.8256656e+01   1.2286939e-06
   3.3529205e+01   1.2293017e-06
   3.9439991e+01   1.2299544e-06
   4.4712541e+01   1.2305844e-06
   4.9983856e+01   1.2312146e-06
   5.3819447e+01   1.2316873e-06
   5.7173584e+01   1.2321598e-06
   6.1488161e+01   1.2327225e-06
   6.6600226e+01   1.2332626e-06
   7.2032026e+01   1.2339603e-06
   7.8582283e+01   1.2347255e-06
   8.6249762e+01   1.2355133e-06
   9.4397462e+01   1.2365034e-06
   1.0398335e+02   1.2374936e-06
   1.1436920e+02   1.2385290e-06
   1.2603152e+02   1.2399244e-06
   1.3977151e+02   1.2413196e-06
   1.5335101e+02   1.2429176e-06
   1.6677126e+02   1.2443580e-06
   1.8083098e+02   1.2456857e-06
   1.9457096e+02   1.2471712e-06
   2.0799121e+02   1.2484537e-06
   2.2173120e+02   1.2498941e-06
   2.3531070e+02   1.2514470e-06
   2.4945807e+02   1.2536976e-06
   2.6297461e+02   1.2555431e-06
   2.7637017e+02   1.2567583e-06
   2.9026940e+02   1.2579737e-06
   3.0401062e+02   1.2592789e-06
   3.1727039e+02   1.2605168e-06
   3.3101037e+02   1.2616645e-06
   3.4443062e+02   1.2629698e-06
   3.5769286e+02   1.2642074e-06
   3.6983416e+02   1.2653778e-06
   3.8021878e+02   1.2664581e-06
   3.9044414e+02   1.2674484e-06
